# Created by Octave 7.3.0, Mon Dec 18 13:04:18 2023 GMT <unknown@LAPTOP-V5VVR89L>
# name: X
# type: matrix
# rows: 400
# columns: 3
 26.533303439617157 41.233166754245758 36.198965668678284
 5.5253120288252831 44.191657364368439 10.276345491409302
 27.255402326583862 11.191037863492966 32.021539449691772
 34.964588701725006 7.4944396764039993 37.958979666233063
 48.986729145050049 39.98290741443634 27.699924767017365
 17.952911376953125 40.416991531848907 43.312507569789886
 70.385590791702271 34.36073824763298 87.99062317609787
 10.396673768758774 92.277568340301514 94.236075520515442
 19.299059301614761 44.43819922208786 23.921140849590302
 44.389693439006805 45.317182540893555 39.79566890001297
 84.520941197872162 15.175384789705276 18.069287419319153
 43.152357876300812 17.392697036266327 44.44913113117218
 19.912182003259659 86.830171883106232 18.160483732819557
 49.074493885040283 23.923620447516441 98.033030986785889
 32.75328516960144 14.927731156349182 24.161561071872711
 21.57671719789505 21.071928143501282 69.815520524978638
 13.054918870329857 35.144058346748352 14.532545417547226
 35.088099122047424 23.318521916866302 32.465527415275574
 21.833577200770378 94.298447608947754 35.9505715072155
 36.380284070968628 35.393465340137482 31.973343253135681
 67.791307270526886 68.214676260948181 48.180336594581604
 9.0239621251821518 1.0895973476581275 14.364853203296661
 38.045409798622131 5.4851147010922432 15.577116638422012
 46.968341827392578 8.3414099961519241 21.991198897361755
 23.532081127166748 36.526467323303223 38.590796113014221
 40.342074513435364 14.70419654250145 27.744750559329987
 2.6729429699480534 15.308950453996658 35.039292514324188
 4.9897021502256393 2.7879346497356892 19.228732049465179
 19.595465034246445 27.64116758108139 15.585106015205383
 97.375102818012238 77.190780997276306 12.144638270139694
 48.861314475536346 47.284677922725677 6.1610786244273186
 85.381469488143921 92.667733192443848 16.650140956044197
 4.8638314977288246 19.106731593608856 32.763796508312225
 37.823938608169556 25.192634612321854 27.099338591098785
 25.386254698038101 20.941808640956879 4.8768958300352097
 87.527771532535553 74.922248542308807 24.975299715995789
 21.116983503103256 5.6440056040883064 16.169564485549927
 13.466580599546432 46.813589453697205 42.283555865287781
 13.275499999523163 43.449131608009338 9.9496732950210571
 22.026526808738708 17.295355439186096 34.923819661140442
 18.348770320415497 9.6559976190328598 36.387740433216095
 3.1389957293868065 48.066930055618286 34.136085510253906
 36.950527846813202 14.640667051076889 11.964824557304382
 23.598821848630905 34.975193500518799 33.859648108482361
 29.455998837947845 47.16890424489975 38.91016674041748
 17.521246999502182 6.1707488223910332 46.948209941387177
 41.535980343818665 48.921634197235107 38.037836611270905
 91.222854554653168 60.365452826023102 1.054383983835578
 72.063016414642334 10.142480216920376 78.410128772258759
 5.7671162635087967 5.7150082513689995 20.600403338670731
 35.438609480857849 21.446755945682526 1.617191769182682
 13.620599895715714 5.2067555263638496 17.327694088220596
 52.294256746768951 38.447343319654465 88.405630648136139
 14.696662783622742 1.1798762967810035 35.412499070167542
 12.96260878443718 28.907134056091309 46.606303751468658
 92.91883248090744 67.168660342693329 30.229971140623093
 17.327301263809204 1.1169765200465918 49.164160192012787
 43.332525551319122 7.5464027523994446 30.78171843290329
 18.851461142301559 81.93968677520752 33.467660814523697
 46.759362161159515 47.64040744304657 24.656711131334305
 20.211174219846725 43.010663628578186 26.706698179244995
 9.887947291135788 28.362375676631927 16.173676729202271
 19.782703548669815 14.934762567281723 26.999935030937195
 46.083397507667542 13.48109757900238 11.739223599433899
 7.7278911545872688 1.0622200951911509 24.747474893927574
 35.927776634693146 12.39895686507225 1.410514835268259
 8.4496002644300461 15.540985554456711 9.9038384258747101
 21.545669823884964 24.396561086177826 58.431847274303436
 12.991024300456047 23.192952454090118 6.7991944998502731
 30.947066843509674 40.772612988948822 46.309080243110657
 36.27800726890564 76.089916586875916 11.207788996398449
 97.047115325927734 32.807484418153763 36.541519016027451
 33.392029345035553 32.631278872489929 32.601634502410889
 27.304360806941986 46.252142608165741 40.670002579689026
 36.279852449893951 42.28203421831131 41.852938532829285
 20.71731898188591 27.598158419132233 22.050489097833633
 20.267664551734924 90.721623718738556 63.156335294246674
 32.936989724636078 22.371355086565018 35.460052728652954
 12.597041860222816 46.154286980628967 36.180121779441833
 45.641655504703522 44.972939848899841 26.433526039123535
 47.15795773267746 25.204496741294861 20.81230217218399
 46.597536027431488 4.079328291118145 18.669653832912445
 60.972757518291473 5.3927947878837585 70.438887357711792
 25.313510626554489 5.5344017520546913 10.978745475411415
 21.981449842453003 30.391192555427551 10.486220329999924
 26.122458755970001 19.174199551343918 29.055166065692902
 40.125381469726562 49.213489592075348 47.333283007144928
 45.542138040065765 22.122492790222168 42.405071496963501
 7.3438623398542404 34.937295436859131 33.005160093307495
 9.3191565275192261 29.11283677816391 30.369308292865753
 47.718662738800049 2.2086234204471111 26.234178602695465
 30.478241860866547 15.017790168523788 20.344054013490677
 32.351617097854614 32.857300400733948 19.517439007759094
 43.492622673511505 27.042923748493195 37.616112589836121
 6.5413176864385605 21.939811915159225 16.934913486242294
 29.466650366783142 12.444689512252808 18.509894043207169
 39.630562901496887 36.14015007019043 8.0606836527585983
 46.800432026386261 48.862459361553192 38.781781792640686
 14.428430885076523 36.611440062522888 33.428572237491608
 7.0905868597328663 6.5367432199418545 34.941654294729233
 10.150091141462326 20.802477180957794 10.951089322566986
 25.954379558563232 2.7895450107753277 15.827510803937912
 28.497552454471588 90.030426502227783 46.473203092813492
 26.090682327747345 20.44967120885849 17.191100716590881
 32.765084505081177 47.874992251396179 22.759304970502853
 7.355796754360199 6.9487393945455551 1.3483791905455291
 49.788517355918884 25.960755288600922 39.687631964683533
 14.563548237085342 44.202847272157669 80.080638587474823
 9.2312887161970139 44.853468656539917 14.557949036359787
 48.338323533535004 38.82747209072113 24.222448855638504
 2.1624706592410803 9.5665307641029358 6.9030100330710411
 93.69175660610199 19.047620475292206 95.131902754306793
 14.543249517679214 43.372281134128571 46.714326083660126
 46.059176743030548 36.693719983100891 45.894789218902588
 72.196741700172424 93.886862635612488 50.17083528637886
 37.758954644203186 39.978100061416626 8.3465313166379929
 53.289944231510162 60.898589611053467 51.4143146276474
 30.406546294689178 18.762788265943527 44.665269255638123
 14.325796693563461 12.001798368990421 58.217522144317627
 6.613220252096653 15.013141989707947 25.247916251420975
 28.332672894001007 37.702659547328949 40.124905407428741
 17.880593717098236 25.34551340341568 7.11505526304245
 33.755486845970154 2.3458880800753832 45.532870888710022
 20.631433546543121 9.7762121111154556 24.036305576562881
 34.059182465076447 47.457435965538025 13.600346803665161
 30.454587370157242 38.199846506118774 50.819879710674286
 21.612549751996994 7.5525054037570953 21.24866583943367
 38.138697564601898 15.717699587345123 12.0895024985075
 34.994580626487732 37.374527037143707 25.335827142000198
 49.945838451385498 43.722800523042679 33.447895884513855
 3.5980179905891418 40.14381355047226 43.697446286678314
 42.359103739261627 46.495635330677032 30.929175078868866
 15.278512641787529 40.45225191116333 16.812460333108902
 7.1305535733699799 17.18067991733551 41.447409391403198
 46.867142081260681 8.8425159454345703 33.377099096775055
 38.020508527755737 14.159113973379135 38.234792053699493
